axis-aligned|10,4 8,5 5,7 4,10 4,20 5,22 7,25 10,26 40,26 42,25 45,23 46,20 46,10 45,8 43,5 40,4 
fractional-rotated|7,0 4,3 -1,17 -1,22 1,25 4,28 36,39 41,39 45,37 47,33 51,20 51,16 49,13 46,11 15,-1 10,-2 
fractional-square-edge|-2,-2 -2,8 0,9 6,9 8,8 9,6 9,0 8,-2 
rotated-0|48,62 44,64 41,68 40,72 40,90 42,94 46,97 50,98 112,98 116,96 119,92 120,88 120,70 118,66 114,63 110,62 
rotated-11|52,56 47,57 44,60 42,64 39,80 39,82 40,87 43,90 47,92 105,103 107,103 112,102 115,99 117,95 120,79 120,77 119,72 116,69 112,67 54,56 
rotated-22|52,51 48,54 46,57 40,72 39,75 39,79 42,83 45,85 100,107 103,108 107,108 111,105 113,102 119,87 120,84 120,80 117,76 114,74 59,52 56,51 
rotated-33|58,46 54,47 50,51 41,65 40,71 41,75 44,78 94,111 97,113 101,113 105,112 109,108 118,94 119,88 118,84 115,81 65,48 62,46 
rotated-44|60,43 56,46 43,59 42,63 43,68 45,71 89,113 95,116 99,116 103,113 116,100 117,96 116,91 114,88 70,46 64,43 
rotated-55|67,40 63,42 50,52 46,57 46,62 48,66 82,115 84,117 88,119 92,119 96,117 109,107 113,102 113,97 111,93 77,44 75,42 71,40 
rotated-66|71,40 56,46 54,47 51,50 50,55 51,59 75,114 79,119 83,120 88,119 103,113 105,112 108,109 109,104 108,100 84,45 80,40 76,39 
rotated-77|79,38 63,42 57,46 55,50 55,54 68,113 69,116 72,119 76,121 80,121 96,117 102,113 104,109 104,105 91,46 90,43 87,40 83,38 
